0 2219
1 2486
2 5302
3 5060
4 5059
5 4401
6 4384
7 5070
8 5068
9 5306
10 5065
11 4475
12 1520
13 1538
14 2230
15 2421
16 2489
17 2228
18 2419
19 2398
20 2487
21 2486
22 5059
23 5060
24 4603
25 4400
26 5070
27 5068
28 5306
29 4475
30 1519
31 1735
32 1536
33 2490
34 2228
35 2230
36 5066
37 2220
38 2219
39 2421
40 5007
41 4995
42 4963
43 5116
44 5160
45 5205
46 5204
47 5002
48 5580
49 4952
50 5584
51 2245
52 2357
53 2129
54 5198
55 2148
56 2402
57 5058
58 2374
59 2175
60 2167
61 2140
62 2380
63 2079
64 2113
65 2334
66 2044
67 2382
68 2731
69 2715
70 2184
71 2751
72 2415
73 2411
74 5546
75 5211
76 5529
77 5516
78 5037
79 5119
80 5517
81 4836
82 5531
83 5026
84 5235
85 2767
86 2772
87 2100
88 2158
89 2103
90 2784
91 2068
92 2054
93 332
94 2192
95 329
96 369
97 2499
98 294
99 313
100 2191
101 2467
102 2346
103 2050
104 2799
105 2881
106 2243
107 5596
108 4954
109 342
110 3200
111 3183
112 4904
113 4900
114 4921
115 3217
116 3164
117 5034
118 5032
119 4916
120 5283
121 5317
122 5612
123 3250
124 3167
125 4773
126 4897
127 5028
128 5298
129 4760
130 4755
131 5147
132 4752
133 4731
134 4728
135 5309
136 5310
137 2250
138 2252
139 3120
140 190
141 3111
142 5312
143 4724
144 4769
145 3114
146 3092
147 3103
148 5134
149 3036
150 3089
151 3029
152 4737
153 4711
154 4867
155 4782
156 4721
157 4771
158 3312
159 3146
160 3161
161 3172
162 5295
163 5292
164 5289
165 4832
166 5265
167 4222
168 4874
169 5519
170 5045
171 5063
172 5468
173 5691
174 5491
175 4684
176 5496
177 5498
178 4186
179 4213
180 4068
181 4085
182 4224
183 4081
184 3955
185 3948
186 3982
187 3926
188 3890
189 3875
190 4079
191 3914
192 3917
193 5488
194 3939
195 5683
196 4192
197 4827
198 4193
199 4091
200 5125
201 4820
202 4233
203 4096
204 5479
205 5476
206 4881
207 5499
208 5502
209 4884
210 4689
211 4434
212 4433
213 4377
214 4326
215 4154
216 4363
217 4190
218 4146
219 4050
220 4110
221 4017
222 4113
223 4054
224 3814
225 4150
226 4149
227 4169
228 4360
229 5416
230 4044
231 5469
232 3687
233 3653
234 3657
235 3681
236 3697
237 3695
238 3452
239 3665
240 3665
241 3452
242 3454
243 3713
244 3463
245 3714
246 3717
247 3435
248 3428
249 3464
250 3437
251 3460
252 3473
253 3466
254 3467
255 3482
256 3485
257 3504
258 3511
259 3490
260 3514
261 3480
262 3667
263 3497
264 4563
265 4256
266 4259
267 4446
268 4599
269 4525
270 4254
271 4518
272 5663
273 4453
274 5452
275 4251
276 3613
277 4581
278 4650
279 4464
280 1624
281 4589
282 4660
283 4642
284 4620
285 4304
286 4481
287 4524
288 4520
289 4547
290 4507
291 4625
292 4493
293 3650
294 3558
295 3650
296 3642
297 3470
298 3486
299 3473
300 3448
301 3457
302 3507
303 3675
304 3507
305 3518
306 3525
307 3556
308 3524
309 3596
310 3598
311 3542
312 3650
313 3545
314 3541
315 3544
316 3545
317 3543
318 3544
319 3542
320 3622
321 3541
322 3542
323 3543
324 3603
325 4692
326 5468
327 3640
328 3618
329 3621
330 3634
331 3588
332 3584
333 3540
334 3566
335 3552
336 3539
337 3561
338 3560
339 3574
340 3549
341 3405
342 3406
343 3530
344 3520
345 3508
346 3500
347 3533
348 3512
349 3534
350 3546
351 3587
352 3587
353 3547
354 3595
355 3423
356 3620
357 3703
358 3621
359 3640
360 3629
361 3639
362 3624
363 3694
364 3624
365 3693
366 3617
367 3544
368 3544
369 3545
370 3555
371 3594
372 3702
373 3703
374 5452
375 4255
376 3423
377 3531
378 3420
379 3528
380 3411
381 4252
382 4251
383 4387
384 4574
385 4389
386 4297
387 4397
388 5445
389 4403
390 4383
391 5308
392 4386
393 4478
394 4477
395 1525
396 1611
397 4474
398 1596
399 1618
400 1659
401 1430
402 1593
403 1657
404 1436
405 1584
406 5222
407 5601
408 5646
409 5456
410 4888
411 4859
412 4851
413 2236
414 2038
415 5109
416 2009
417 2282
418 2035
419 2300
420 2314
421 1306
422 1474
423 1159
424 897
425 1232
426 1267
427 1122
428 1410
429 1264
430 1529
431 1290
432 1483
433 1114
434 1160
435 883
436 977
437 2613
438 1297
439 1168
440 2558
441 2557
442 1561
443 2605
444 1414
445 1568
446 2507
447 1550
448 1388
449 1545
450 2522
451 2529
452 1642
453 2517
454 2525
455 1753
456 1491
457 1502
458 1089
459 1111
460 1031
461 1056
462 968
463 1033
464 2897
465 1106
466 1374
467 971
468 846
469 1057
470 1060
471 1022
472 1222
473 1360
474 1091
475 1221
476 1052
477 1108
478 1110
479 1206
480 1320
481 1319
482 1966
483 1986
484 1957
485 4142
486 5326
487 4159
488 4282
489 5322
490 4347
491 4429
492 4355
493 4365
494 5386
495 5375
496 5443
497 4165
498 4037
499 3846
500 5441
501 5365
502 4608
503 5332
504 4502
505 4612
506 4057
507 4032
508 3770
509 3789
510 4179
511 3937
512 3962
513 3719
514 5433
515 2309
516 144
517 208
518 122
519 207
520 178
521 174
522 191
523 134
524 227
525 2988
526 3081
527 2987
528 77
529 170
530 3077
531 2978
532 3012
533 2989
534 3102
535 139
536 3049
537 70
538 81
539 90
540 89
541 86
542 91
543 84
544 104
545 100
546 100
547 188
548 128
549 159
550 219
551 1876
552 2494
553 111
554 195
555 1880
556 2321
557 1871
558 2495
559 1896
560 75
561 2017
562 1855
563 1865
564 1926
565 2476
566 1978
567 2473
568 2641
569 1949
570 2449
571 2021
572 1349
573 2196
574 2478
575 2703
576 2200
577 1904
578 2481
579 1539
580 2492
581 1732
582 1523
583 2401
584 2841
585 2362
586 2833
587 2823
588 2721
589 2707
590 843
591 830
592 831
593 830
594 758
595 753
596 2710
597 773
598 2880
599 2042
600 1522
601 1715
602 2636
603 812
604 1664
605 1382
606 1381
607 1379
608 825
609 808
610 1832
611 822
612 841
613 844
614 554
615 782
616 814
617 777
618 685
619 777
620 668
621 670
622 668
623 671
624 671
625 671
626 672
627 671
628 705
629 682
630 700
631 721
632 718
633 718
634 671
635 720
636 679
637 733
638 672
639 671
640 668
641 668
642 669
643 749
644 738
645 721
646 738
647 716
648 723
649 684
650 769
651 652
652 683
653 599
654 600
655 645
656 651
657 803
658 717
659 697
660 665
661 696
662 657
663 656
664 646
665 667
666 533
667 667
668 637
669 689
670 802
671 634
672 634
673 602
674 602
675 584
676 573
677 588
678 647
679 635
680 613
681 575
682 600
683 561
684 566
685 592
686 586
687 589
688 589
689 607
690 617
691 615
692 609
693 593
694 631
695 641
696 643
697 650
698 674
699 673
700 648
701 548
702 630
703 639
704 660
705 611
706 614
707 539
708 594
709 793
710 590
711 581
712 840
713 579
714 588
715 563
716 570
717 639
718 532
719 692
720 693
721 1828
722 2031
723 2679
724 2278
725 1572
726 1573
727 1459
728 2024
729 1494
730 1280
731 1302
732 1275
733 1181
734 1170
735 1273
736 1177
737 1499
738 1575
739 1514
740 1507
741 2562
742 2631
743 1316
744 1312
745 2686
746 2678
747 1197
748 1065
749 1042
750 1341
751 1212
752 1245
753 1208
754 2684
755 792
756 792
757 1383
758 1377
759 1377
760 580
761 1379
762 538
763 1381
764 551
765 751
766 752
767 830
768 830
769 763
770 736
771 550
772 736
773 1386
774 1704
775 1738
776 1646
777 1686
778 1631
779 1767
780 1785
781 1793
782 1454
783 1690
784 1820
785 1695
786 1817
787 2564
788 1747
789 1698
790 1815
791 1691
792 1821
793 1803
794 1721
795 1603
796 1765
797 4487
798 3306
799 3267
800 231
801 247
802 426
803 235
804 2857
805 2497
806 1868
807 259
808 1919
809 268
810 284
811 288
812 1915
813 1916
814 282
815 1899
816 3964
817 4075
818 3981
819 3933
820 3936
821 3929
822 3976
823 3906
824 5708
825 3719
826 3845
827 3727
828 3845
829 3733
830 4249
831 4239
832 3730
833 4241
834 3728
835 3724
836 3802
837 4243
838 3733
839 4239
840 4241
841 4249
842 5335
843 5716
844 3980
845 3905
846 3981
847 3899
848 3890
849 3911
850 4242
851 3874
852 3858
853 4244
854 3938
855 5489
856 3941
857 1402
858 1757
859 1700
860 1777
861 4635
862 4680
863 4678
864 4295
865 4560
866 4672
867 4557
868 4674
869 4323
870 4677
871 4551
872 4623
873 4296
874 4552
875 4489
876 5654
877 4371
878 4436
879 4606
880 1775
881 1428
882 1427
883 1824
884 5431
885 4012
886 4009
887 4023
888 3742
889 4245
890 5706
891 4113
892 5427
893 2187
894 1082
895 1075
896 1003
897 984
898 1007
899 995
900 1001
901 1369
902 1372
903 865
904 938
905 2896
906 1150
907 870
908 1140
909 1148
910 932
911 925
912 856
913 1138
914 900
915 2518
916 850
917 856
918 1145
919 869
920 1370
921 1368
922 1368
923 1017
924 2518
925 1366
926 853
927 1366
928 945
929 1017
930 1109
931 1106
932 1108
933 1376
934 1106
935 860
936 852
937 2982
938 2999
939 3003
940 2994
941 2998
942 2993
943 2997
944 2994
945 3008
946 3008
947 92
948 86
949 3442
950 3447
951 3446
952 3475
953 3478
954 3519
955 3535
956 3538
957 3568
958 3554
959 3575
960 3575
961 3594
962 3589
963 3570
964 3611
965 3537
966 3676
967 3529
968 3461
969 3459
970 3488
971 3481
972 734
973 762
974 737
975 761
976 737
977 762
978 694
979 694
980 713
981 735
982 4934
983 5113
984 4989
985 4939
986 5012
987 5180
988 5586
989 5203
990 5008
991 5213
992 5209
993 5581
994 5003
995 5215
996 5576
997 5565
998 2247
999 4983
1000 2338
1001 4991
1002 5202
1003 2139
1004 2154
1005 5549
1006 5194
1007 2143
1008 2370
1009 2741
1010 2162
1011 2141
1012 2152
1013 2378
1014 2086
1015 2712
1016 2112
1017 2077
1018 2166
1019 2332
1020 2336
1021 2774
1022 2134
1023 2764
1024 2142
1025 2173
1026 2726
1027 2414
1028 2406
1029 2185
1030 2732
1031 2417
1032 2184
1033 2734
1034 2408
1035 2399
1036 2413
1037 5229
1038 5551
1039 5545
1040 5197
1041 4961
1042 5001
1043 5543
1044 5525
1045 4933
1046 4940
1047 4945
1048 5036
1049 5508
1050 5515
1051 5040
1052 5527
1053 5532
1054 5563
1055 5025
1056 5020
1057 5219
1058 5238
1059 5027
1060 5233
1061 2367
1062 2753
1063 2389
1064 2769
1065 2391
1066 2104
1067 2884
1068 2100
1069 2855
1070 2099
1071 2053
1072 2055
1073 331
1074 2892
1075 2066
1076 2890
1077 375
1078 335
1079 375
1080 411
1081 367
1082 1910
1083 303
1084 323
1085 414
1086 362
1087 394
1088 357
1089 2190
1090 2063
1091 2468
1092 1920
1093 2188
1094 2348
1095 2049
1096 2801
1097 2343
1098 2109
1099 2353
1100 2330
1101 2266
1102 2757
1103 2754
1104 5569
1105 5566
1106 5667
1107 2242
1108 4954
1109 5694
1110 347
1111 2747
1112 5559
1113 3240
1114 3228
1115 390
1116 3244
1117 3179
1118 3191
1119 4906
1120 4953
1121 4958
1122 4904
1123 4950
1124 5699
1125 3211
1126 3293
1127 3256
1128 3208
1129 5702
1130 4917
1131 4918
1132 5032
1133 4914
1134 4912
1135 4800
1136 5264
1137 4801
1138 4798
1139 5282
1140 5317
1141 3162
1142 3165
1143 3167
1144 3171
1145 4773
1146 5679
1147 5159
1148 5175
1149 5153
1150 4922
1151 5035
1152 4929
1153 4786
1154 5610
1155 5278
1156 5167
1157 5261
1158 5148
1159 4751
1160 4754
1161 4732
1162 4730
1163 4729
1164 5052
1165 5310
1166 5050
1167 4701
1168 2252
1169 4699
1170 3120
1171 2983
1172 225
1173 3111
1174 3059
1175 4726
1176 5311
1177 4703
1178 4774
1179 4767
1180 3092
1181 3116
1182 3065
1183 3018
1184 3104
1185 3026
1186 3060
1187 3032
1188 3058
1189 3106
1190 3032
1191 4740
1192 5088
1193 4713
1194 4847
1195 4869
1196 4744
1197 4722
1198 4710
1199 4759
1200 4762
1201 5263
1202 4771
1203 4772
1204 4775
1205 5678
1206 3309
1207 3152
1208 3154
1209 3168
1210 3150
1211 3173
1212 5296
1213 5275
1214 4790
1215 5293
1216 5249
1217 5291
1218 5252
1219 4830
1220 5288
1221 5251
1222 4221
1223 5605
1224 4837
1225 5099
1226 4717
1227 5536
1228 5519
1229 5644
1230 4971
1231 4892
1232 5300
1233 5097
1234 5182
1235 5462
1236 5513
1237 5602
1238 5459
1239 5497
1240 5285
1241 4219
1242 4238
1243 4215
1244 4117
1245 4108
1246 4099
1247 4223
1248 4211
1249 4115
1250 4088
1251 3956
1252 3950
1253 3946
1254 3887
1255 3866
1256 3924
1257 3884
1258 3889
1259 3877
1260 3921
1261 4084
1262 4070
1263 3971
1264 3917
1265 3856
1266 3915
1267 5488
1268 5486
1269 5490
1270 4069
1271 4207
1272 4208
1273 4826
1274 4093
1275 4194
1276 4080
1277 4071
1278 4234
1279 5124
1280 4231
1281 4226
1282 4095
1283 4123
1284 4842
1285 5482
1286 5481
1287 5478
1288 4879
1289 5499
1290 4189
1291 5103
1292 5102
1293 5475
1294 5492
1295 4883
1296 4690
1297 4686
1298 4882
1299 4374
1300 5501
1301 4378
1302 4379
1303 4415
1304 4327
1305 4326
1306 4155
1307 4432
1308 4414
1309 4187
1310 4188
1311 4147
1312 4152
1313 4047
1314 4049
1315 4190
1316 4113
1317 4017
1318 4048
1319 3816
1320 4052
1321 4023
1322 4148
1323 4051
1324 4151
1325 4150
1326 4170
1327 5371
1328 4174
1329 5417
1330 4358
1331 4167
1332 4046
1333 4111
1334 5471
1335 3711
1336 4687
1337 3660
1338 3712
1339 3658
1340 3686
1341 3690
1342 3682
1343 3697
1344 3698
1345 3672
1346 3672
1347 3665
1348 3665
1349 3452
1350 3454
1351 3665
1352 3713
1353 3713
1354 3453
1355 3714
1356 3717
1357 3717
1358 3713
1359 3415
1360 3432
1361 3433
1362 3434
1363 3679
1364 3464
1365 3440
1366 3447
1367 3460
1368 3456
1369 3443
1370 3451
1371 3467
1372 3467
1373 3484
1374 3485
1375 3483
1376 3493
1377 3503
1378 3494
1379 3504
1380 3491
1381 3502
1382 3480
1383 3492
1384 3450
1385 3667
1386 3487
1387 3487
1388 3465
1389 4258
1390 3699
1391 3667
1392 4256
1393 4662
1394 4566
1395 4448
1396 4254
1397 4525
1398 4254
1399 4449
1400 4565
1401 5447
1402 4453
1403 4452
1404 4253
1405 5451
1406 3613
1407 4251
1408 3419
1409 3667
1410 4462
1411 4671
1412 4663
1413 4531
1414 4585
1415 4308
1416 4526
1417 4653
1418 4460
1419 4658
1420 4616
1421 4570
1422 4447
1423 4513
1424 4301
1425 1656
1426 4523
1427 1621
1428 4302
1429 4521
1430 4648
1431 4645
1432 4507
1433 4508
1434 4510
1435 4545
1436 4539
1437 4492
1438 4627
1439 3401
1440 3654
1441 3402
1442 3496
1443 3598
1444 3650
1445 3650
1446 3506
1447 3471
1448 3471
1449 3473
1450 3473
1451 3473
1452 3473
1453 3457
1454 3457
1455 3486
1456 3507
1457 3675
1458 3674
1459 3518
1460 3506
1461 3525
1462 3517
1463 3524
1464 3556
1465 3556
1466 3596
1467 3596
1468 3557
1469 3598
1470 3650
1471 3650
1472 3650
1473 3542
1474 3545
1475 3541
1476 3543
1477 3545
1478 3545
1479 3544
1480 3543
1481 3543
1482 3542
1483 3542
1484 3622
1485 3622
1486 3541
1487 3541
1488 3650
1489 3650
1490 3542
1491 3542
1492 3409
1493 3543
1494 3543
1495 3544
1496 3710
1497 4891
1498 4692
1499 3647
1500 5468
1501 5468
1502 3646
1503 3626
1504 3649
1505 3635
1506 3621
1507 3607
1508 3610
1509 3619
1510 3583
1511 3564
1512 3563
1513 3608
1514 3572
1515 3551
1516 3539
1517 3573
1518 3560
1519 3551
1520 3552
1521 3593
1522 3549
1523 3583
1524 3406
1525 3548
1526 3406
1527 3405
1528 3548
1529 3508
1530 3520
1531 3510
1532 3501
1533 3404
1534 3533
1535 3532
1536 3512
1537 3522
1538 3514
1539 3534
1540 3523
1541 3566
1542 3527
1543 3567
1544 3588
1545 3587
1546 3424
1547 3547
1548 3421
1549 3595
1550 3422
1551 3609
1552 3609
1553 3624
1554 3620
1555 3610
1556 3621
1557 3635
1558 3640
1559 3629
1560 3637
1561 3639
1562 3694
1563 3624
1564 3625
1565 3694
1566 3639
1567 3624
1568 3693
1569 3694
1570 3715
1571 3715
1572 3715
1573 3618
1574 3603
1575 3605
1576 3544
1577 3544
1578 3544
1579 3545
1580 3545
1581 3579
1582 3555
1583 3545
1584 3580
1585 3555
1586 3606
1587 3704
1588 3703
1589 3694
1590 3707
1591 5452
1592 3707
1593 5452
1594 3625
1595 3703
1596 4255
1597 3625
1598 3423
1599 3420
1600 3531
1601 3420
1602 3515
1603 3531
1604 3521
1605 3528
1606 3527
1607 3411
1608 3412
1609 4255
1610 4252
1611 3419
1612 4681
1613 4252
1614 4255
1615 3706
1616 4387
1617 4590
1618 4574
1619 4573
1620 4389
1621 4451
1622 4575
1623 4472
1624 4591
1625 4403
1626 4601
1627 4473
1628 4401
1629 4384
1630 4404
1631 4402
1632 4388
1633 5307
1634 4392
1635 4413
1636 4478
1637 1611
1638 1528
1639 1542
1640 4476
1641 1521
1642 1612
1643 4412
1644 1616
1645 4391
1646 4299
1647 4480
1648 1431
1649 1661
1650 1432
1651 1590
1652 1591
1653 1658
1654 1433
1655 1434
1656 1588
1657 1586
1658 1525
1659 4386
1660 4966
1661 5223
1662 5222
1663 5308
1664 5650
1665 5649
1666 5305
1667 5652
1668 5645
1669 5237
1670 5635
1671 5639
1672 5457
1673 5041
1674 4816
1675 4809
1676 4858
1677 5123
1678 4855
1679 5074
1680 2240
1681 4865
1682 2237
1683 2003
1684 2011
1685 1954
1686 1962
1687 1997
1688 2002
1689 1158
1690 1308
1691 1471
1692 1272
1693 1129
1694 896
1695 1233
1696 1258
1697 1185
1698 1125
1699 2594
1700 1266
1701 1262
1702 2513
1703 2592
1704 1291
1705 1409
1706 2627
1707 1156
1708 1162
1709 1118
1710 906
1711 918
1712 974
1713 1133
1714 2624
1715 1164
1716 1299
1717 1294
1718 1296
1719 2557
1720 1171
1721 1487
1722 2604
1723 2560
1724 1486
1725 1567
1726 1411
1727 1569
1728 2608
1729 1406
1730 1473
1731 1476
1732 1396
1733 1481
1734 1546
1735 1394
1736 2538
1737 2521
1738 2537
1739 2556
1740 2551
1741 1635
1742 1750
1743 2528
1744 1640
1745 2589
1746 1490
1747 1560
1748 2533
1749 1503
1750 885
1751 1062
1752 1111
1753 1031
1754 1060
1755 1058
1756 1032
1757 1033
1758 1060
1759 1032
1760 2897
1761 2906
1762 971
1763 971
1764 971
1765 970
1766 846
1767 1057
1768 1111
1769 1056
1770 1024
1771 1030
1772 951
1773 847
1774 1307
1775 1232
1776 1250
1777 1220
1778 1202
1779 1097
1780 1094
1781 987
1782 1054
1783 1019
1784 1026
1785 1024
1786 1199
1787 1048
1788 1198
1789 1352
1790 1321
1791 1207
1792 2298
1793 1361
1794 1358
1795 1324
1796 1988
1797 1959
1798 1464
1799 2234
1800 4811
1801 4176
1802 4339
1803 4126
1804 4267
1805 5420
1806 4156
1807 5415
1808 4273
1809 5385
1810 4430
1811 4280
1812 4349
1813 4421
1814 4356
1815 5349
1816 4367
1817 5392
1818 5363
1819 5348
1820 5444
1821 4431
1822 4172
1823 5405
1824 4038
1825 4040
1826 3988
1827 4005
1828 4164
1829 4160
1830 5336
1831 5356
1832 5394
1833 4498
1834 4609
1835 4500
1836 5369
1837 4611
1838 4501
1839 5328
1840 4028
1841 3996
1842 4062
1843 3998
1844 3787
1845 4180
1846 4031
1847 4145
1848 4106
1849 3772
1850 3761
1851 3746
1852 3757
1853 3781
1854 3732
1855 3846
1856 4265
1857 2305
1858 2281
1859 213
1860 2283
1861 109
1862 123
1863 115
1864 199
1865 176
1866 129
1867 164
1868 181
1869 148
1870 137
1871 182
1872 3072
1873 3082
1874 3084
1875 2986
1876 2985
1877 189
1878 77
1879 168
1880 169
1881 179
1882 3079
1883 3078
1884 3080
1885 2990
1886 2977
1887 2988
1888 3037
1889 3043
1890 3067
1891 3021
1892 140
1893 203
1894 2286
1895 3045
1896 5110
1897 3094
1898 69
1899 68
1900 80
1901 89
1902 90
1903 70
1904 90
1905 91
1906 78
1907 82
1908 86
1909 84
1910 82
1911 105
1912 105
1913 100
1914 99
1915 175
1916 187
1917 155
1918 127
1919 160
1920 156
1921 128
1922 223
1923 216
1924 2211
1925 226
1926 1875
1927 163
1928 2258
1929 1884
1930 219
1931 1874
1932 2210
1933 2495
1934 1895
1935 1873
1936 73
1937 112
1938 72
1939 1846
1940 98
1941 209
1942 1838
1943 2015
1944 2304
1945 1993
1946 1990
1947 1971
1948 1888
1949 1857
1950 1854
1951 1866
1952 2474
1953 2433
1954 1977
1955 2436
1956 1950
1957 1983
1958 1980
1959 2471
1960 2792
1961 2272
1962 2435
1963 1348
1964 2477
1965 2195
1966 1933
1967 2704
1968 2091
1969 2096
1970 2643
1971 2705
1972 2458
1973 2322
1974 1927
1975 2461
1976 2480
1977 1972
1978 5142
1979 5131
1980 5130
1981 4844
1982 4181
1983 1614
1984 1520
1985 1535
1986 1743
1987 1540
1988 1537
1989 1539
1990 1714
1991 1524
1992 1540
1993 2400
1994 2401
1995 2493
1996 2836
1997 2125
1998 2837
1999 2826
2000 2829
2001 2821
2002 2488
2003 2491
2004 2838
2005 2714
2006 2728
2007 2719
2008 2644
2009 2204
2010 2120
2011 2117
2012 831
2013 828
2014 831
2015 830
2016 830
2017 819
2018 843
2019 778
2020 758
2021 779
2022 780
2023 755
2024 2040
2025 2659
2026 2850
2027 2706
2028 834
2029 1523
2030 1731
2031 1732
2032 1713
2033 1715
2034 2851
2035 1593
2036 833
2037 1380
2038 1382
2039 2635
2040 1380
2041 1381
2042 740
2043 1379
2044 833
2045 822
2046 809
2047 817
2048 824
2049 559
2050 541
2051 844
2052 813
2053 560
2054 528
2055 787
2056 769
2057 777
2058 622
2059 777
2060 777
2061 749
2062 668
2063 777
2064 668
2065 668
2066 671
2067 668
2068 671
2069 672
2070 672
2071 671
2072 705
2073 672
2074 681
2075 700
2076 680
2077 702
2078 702
2079 718
2080 682
2081 671
2082 721
2083 701
2084 718
2085 706
2086 677
2087 687
2088 732
2089 672
2090 671
2091 671
2092 668
2093 721
2094 671
2095 671
2096 670
2097 669
2098 535
2099 672
2100 729
2101 704
2102 668
2103 668
2104 749
2105 668
2106 738
2107 721
2108 738
2109 721
2110 702
2111 702
2112 716
2113 738
2114 723
2115 723
2116 777
2117 725
2118 683
2119 684
2120 683
2121 725
2122 644
2123 777
2124 599
2125 633
2126 553
2127 633
2128 652
2129 651
2130 651
2131 803
2132 803
2133 717
2134 695
2135 717
2136 665
2137 716
2138 697
2139 697
2140 697
2141 676
2142 662
2143 656
2144 663
2145 664
2146 646
2147 675
2148 675
2149 637
2150 533
2151 667
2152 676
2153 657
2154 699
2155 667
2156 653
2157 645
2158 634
2159 634
2160 634
2161 634
2162 646
2163 584
2164 602
2165 584
2166 573
2167 577
2168 603
2169 647
2170 603
2171 647
2172 606
2173 635
2174 575
2175 613
2176 569
2177 802
2178 599
2179 600
2180 575
2181 600
2182 562
2183 562
2184 566
2185 806
2186 592
2187 806
2188 592
2189 589
2190 592
2191 604
2192 589
2193 616
2194 615
2195 612
2196 619
2197 607
2198 620
2199 631
2200 629
2201 643
2202 643
2203 650
2204 654
2205 673
2206 661
2207 642
2208 658
2209 548
2210 630
2211 648
2212 626
2213 641
2214 649
2215 650
2216 611
2217 621
2218 611
2219 624
2220 638
2221 614
2222 610
2223 610
2224 594
2225 578
2226 591
2227 581
2228 590
2229 840
2230 840
2231 841
2232 840
2233 844
2234 563
2235 579
2236 604
2237 615
2238 579
2239 592
2240 580
2241 570
2242 564
2243 570
2244 575
2245 588
2246 626
2247 627
2248 639
2249 636
2250 640
2251 533
2252 660
2253 659
2254 666
2255 660
2256 691
2257 837
2258 1830
2259 1831
2260 2701
2261 2680
2262 1834
2263 2358
2264 2028
2265 2029
2266 2689
2267 1510
2268 2027
2269 1554
2270 2026
2271 1460
2272 1458
2273 1282
2274 1281
2275 1496
2276 1276
2277 1277
2278 1278
2279 1171
2280 1179
2281 1172
2282 1273
2283 1175
2284 1178
2285 1274
2286 1555
2287 1571
2288 1574
2289 1517
2290 1516
2291 1515
2292 1514
2293 1505
2294 1498
2295 2632
2296 1576
2297 1559
2298 2550
2299 2534
2300 2688
2301 1315
2302 1329
2303 2667
2304 2663
2305 2672
2306 1314
2307 1235
2308 1146
2309 1237
2310 2676
2311 2674
2312 1039
2313 1365
2314 1225
2315 1226
2316 1342
2317 1338
2318 1350
2319 1347
2320 1217
2321 1214
2322 2274
2323 2685
2324 2816
2325 2650
2326 2652
2327 2484
2328 799
2329 792
2330 579
2331 836
2332 1377
2333 793
2334 1383
2335 1384
2336 793
2337 793
2338 1377
2339 580
2340 580
2341 580
2342 1377
2343 1384
2344 546
2345 538
2346 1379
2347 740
2348 1381
2349 547
2350 1381
2351 2640
2352 752
2353 549
2354 751
2355 830
2356 830
2357 751
2358 766
2359 821
2360 821
2361 739
2362 722
2363 752
2364 736
2365 747
2366 648
2367 551
2368 549
2369 1386
2370 1383
2371 1385
2372 1805
2373 1587
2374 1708
2375 1647
2376 1686
2377 1788
2378 1649
2379 1685
2380 1629
2381 1678
2382 1792
2383 1769
2384 1798
2385 1456
2386 1455
2387 1771
2388 2523
2389 1818
2390 1779
2391 1780
2392 2566
2393 1676
2394 1630
2395 1506
2396 2565
2397 1694
2398 1449
2399 1815
2400 1815
2401 1817
2402 1691
2403 1423
2404 1816
2405 1814
2406 1801
2407 1600
2408 1601
2409 1670
2410 1806
2411 1759
2412 1758
2413 1419
2414 4486
2415 1763
2416 1726
2417 1645
2418 826
2419 1706
2420 5235
2421 4506
2422 2182
2423 2418
2424 4823
2425 5312
2426 3137
2427 3269
2428 3174
2429 3304
2430 243
2431 3123
2432 424
2433 385
2434 246
2435 422
2436 1841
2437 2860
2438 4695
2439 2496
2440 2206
2441 1843
2442 1848
2443 429
2444 249
2445 1869
2446 264
2447 1918
2448 2866
2449 286
2450 263
2451 459
2452 414
2453 390
2454 285
2455 326
2456 267
2457 1911
2458 1917
2459 1916
2460 2867
2461 2447
2462 2502
2463 434
2464 281
2465 368
2466 2464
2467 1906
2468 2342
2469 1898
2470 2798
2471 3276
2472 3296
2473 3214
2474 4075
2475 3966
2476 3970
2477 3929
2478 3891
2479 3898
2480 3937
2481 4104
2482 3984
2483 3935
2484 3904
2485 3932
2486 3908
2487 3976
2488 3908
2489 3841
2490 5716
2491 3719
2492 3845
2493 3719
2494 3845
2495 3727
2496 5708
2497 3727
2498 3727
2499 5707
2500 4239
2501 3730
2502 5333
2503 4240
2504 3723
2505 3730
2506 3730
2507 3724
2508 3724
2509 4242
2510 5333
2511 3733
2512 4239
2513 4240
2514 4241
2515 4249
2516 4239
2517 3727
2518 3731
2519 3732
2520 5708
2521 5709
2522 3980
2523 3901
2524 3976
2525 3905
2526 3901
2527 3901
2528 3901
2529 5335
2530 3929
2531 3903
2532 3981
2533 3899
2534 3982
2535 3900
2536 4239
2537 3887
2538 3890
2539 4241
2540 3879
2541 3855
2542 3880
2543 3890
2544 3872
2545 4243
2546 3855
2547 4244
2548 4243
2549 5685
2550 3940
2551 3938
2552 3958
2553 4243
2554 4242
2555 3858
2556 3928
2557 3939
2558 3017
2559 4504
2560 2548
2561 1643
2562 1400
2563 1754
2564 1752
2565 1702
2566 2553
2567 4613
2568 4610
2569 5366
2570 4634
2571 4544
2572 4678
2573 4633
2574 4293
2575 4560
2576 4291
2577 4316
2578 4637
2579 4672
2580 4675
2581 5338
2582 4636
2583 4324
2584 4628
2585 4322
2586 4617
2587 4621
2588 4553
2589 4459
2590 4552
2591 4288
2592 4488
2593 4285
2594 4674
2595 4458
2596 4538
2597 5378
2598 4369
2599 4491
2600 4437
2601 4370
2602 5442
2603 4368
2604 5379
2605 4555
2606 4558
2607 4607
2608 5329
2609 1823
2610 4632
2611 1774
2612 1778
2613 1417
2614 1426
2615 1775
2616 1821
2617 1598
2618 1692
2619 1682
2620 1821
2621 2515
2622 1424
2623 2524
2624 4294
2625 4008
2626 3774
2627 4042
2628 4011
2629 4016
2630 4009
2631 4015
2632 3805
2633 3806
2634 4023
2635 4021
2636 3743
2637 4245
2638 3811
2639 3742
2640 5684
2641 4019
2642 5489
2643 4020
2644 4113
2645 5489
2646 5489
2647 3724
2648 3799
2649 3728
2650 5334
2651 5429
2652 4361
2653 4381
2654 4435
2655 4377
2656 374
2657 2293
2658 2072
2659 1929
2660 2327
2661 2268
2662 1333
2663 1210
2664 1008
2665 1077
2666 1076
2667 1071
2668 1084
2669 1004
2670 979
2671 1044
2672 1007
2673 982
2674 985
2675 1370
2676 1000
2677 1038
2678 2876
2679 2691
2680 997
2681 1372
2682 936
2683 938
2684 944
2685 1149
2686 870
2687 930
2688 1143
2689 1148
2690 940
2691 1137
2692 1140
2693 1140
2694 2612
2695 1134
2696 925
2697 2619
2698 855
2699 2520
2700 1141
2701 1141
2702 850
2703 850
2704 856
2705 870
2706 1181
2707 1151
2708 1147
2709 1145
2710 850
2711 1372
2712 1369
2713 1370
2714 1370
2715 1369
2716 1368
2717 1368
2718 1017
2719 1006
2720 859
2721 2518
2722 1367
2723 853
2724 1367
2725 1366
2726 856
2727 850
2728 996
2729 946
2730 1067
2731 939
2732 1005
2733 1017
2734 1011
2735 1015
2736 1014
2737 1110
2738 1366
2739 1029
2740 1366
2741 1026
2742 1106
2743 2906
2744 1376
2745 1106
2746 1376
2747 853
2748 2899
2749 1028
2750 1029
2751 1108
2752 1440
2753 1748
2754 1504
2755 2630
2756 1166
2757 959
2758 854
2759 860
2760 854
2761 859
2762 2518
2763 2518
2764 2621
2765 1652
2766 3088
2767 3014
2768 3006
2769 2980
2770 3000
2771 2987
2772 3005
2773 2999
2774 2999
2775 2996
2776 2998
2777 2997
2778 2994
2779 2993
2780 2990
2781 2993
2782 2994
2783 3011
2784 3013
2785 3008
2786 3003
2787 3003
2788 3010
2789 3007
2790 75
2791 95
2792 86
2793 92
2794 86
2795 93
2796 78
2797 3498
2798 4251
2799 3448
2800 3442
2801 3448
2802 3442
2803 3446
2804 3445
2805 3475
2806 3476
2807 3450
2808 3475
2809 3519
2810 3520
2811 3507
2812 3538
2813 3530
2814 3519
2815 3571
2816 3568
2817 3574
2818 3592
2819 3554
2820 3575
2821 3554
2822 3575
2823 3594
2824 3594
2825 3589
2826 3590
2827 3592
2828 3596
2829 3611
2830 3611
2831 3556
2832 3570
2833 3537
2834 3569
2835 3676
2836 3589
2837 3676
2838 3529
2839 3524
2840 3507
2841 3526
2842 3536
2843 3476
2844 3446
2845 3461
2846 3449
2847 3479
2848 3459
2849 3488
2850 3477
2851 3447
2852 3459
2853 3462
2854 3481
2855 3488
2856 3499
2857 3497
2858 3611
2859 3541
2860 3545
2861 759
2862 762
2863 767
2864 737
2865 748
2866 768
2867 737
2868 748
2869 762
2870 763
2871 736
2872 756
2873 714
2874 715
2875 694
2876 548
2877 713
2878 550
2879 693
2880 713
2881 735
2882 715
2883 712
2884 735
2885 746
2886 710
2887 679
2888 690
2889 734
2890 4938
2891 5013
2892 5189
2893 5214
2894 5577
2895 5575
2896 4981
2897 5014
2898 2170
2899 2288
2900 2085
2901 2059
2902 2169
2903 2133
2904 2763
2905 2156
2906 2725
2907 2407
2908 2416
2909 2735
2910 2733
2911 5228
2912 5230
2913 5199
2914 4961
2915 4964
2916 4941
2917 4949
2918 5526
2919 5544
2920 5024
2921 5220
2922 5226
2923 5000
2924 2765
2925 2390
2926 2498
2927 2055
2928 2891
2929 376
2930 336
2931 2803
2932 445
2933 327
2934 395
2935 359
2936 2069
2937 1944
2938 2060
2939 1924
2940 2105
2941 2388
2942 2351
2943 2788
2944 5600
2945 2752
2946 5564
2947 5313
2948 2759
2949 5571
2950 3301
2951 3246
2952 3242
2953 419
2954 4956
2955 4953
2956 3325
2957 3215
2958 3224
2959 5701
2960 4918
2961 4911
2962 4800
2963 4799
2964 5704
2965 3165
2966 3247
2967 5679
2968 5176
2969 5173
2970 4926
2971 5152
2972 5279
2973 5166
2974 4746
2975 5050
2976 4701
2977 3019
2978 3118
2979 4705
2980 4768
2981 3063
2982 3113
2983 3117
2984 3030
2985 5090
2986 5082
2987 4735
2988 4757
2989 5262
2990 5264
2991 4770
2992 5676
2993 3155
2994 3153
2995 4761
2996 5276
2997 4792
2998 5273
2999 5248
3000 5267
3001 5626
3002 4806
3003 4719
3004 4908
3005 5535
3006 5299
3007 5494
3008 5603
3009 5460
3010 4236
3011 4125
3012 4217
3013 4086
3014 3953
3015 3863
3016 3886
3017 3920
3018 3972
3019 3957
3020 3913
3021 4067
3022 4206
3023 4073
3024 4227
3025 4122
3026 4196
3027 4082
3028 5480
3029 5500
3030 5100
3031 5627
3032 5183
3033 4885
3034 4378
3035 5104
3036 4327
3037 4414
3038 5477
3039 4189
3040 4153
3041 4049
3042 4048
3043 4021
3044 4053
3045 4148
3046 5372
3047 4328
3048 5370
3049 4112
3050 5629
3051 3711
3052 3688
3053 3696
3054 3665
3055 3454
3056 3714
3057 3717
3058 3436
3059 3429
3060 3432
3061 3713
3062 3679
3063 3438
3064 3454
3065 3483
3066 3494
3067 3502
3068 3489
3069 3665
3070 3487
3071 3451
3072 3709
3073 4567
3074 4254
3075 4565
3076 4600
3077 4253
3078 3419
3079 3667
3080 4444
3081 4314
3082 4659
3083 4321
3084 4445
3085 4515
3086 4303
3087 4450
3088 4649
3089 4510
3090 4546
3091 4624
3092 3700
3093 3401
3094 3402
3095 3642
3096 3470
3097 3471
3098 3473
3099 3486
3100 3486
3101 3675
3102 3517
3103 3525
3104 3557
3105 3598
3106 3650
3107 3542
3108 3545
3109 3543
3110 3542
3111 3650
3112 3541
3113 3650
3114 3650
3115 3542
3116 3542
3117 3543
3118 3543
3119 5689
3120 4891
3121 5468
3122 3648
3123 3644
3124 3634
3125 3608
3126 3562
3127 3550
3128 3572
3129 3551
3130 3406
3131 3548
3132 3509
3133 3404
3134 3533
3135 3513
3136 3523
3137 3534
3138 3586
3139 3567
3140 3424
3141 3609
3142 3609
3143 3610
3144 3635
3145 3637
3146 3620
3147 3624
3148 3639
3149 3694
3150 3715
3151 3626
3152 3715
3153 3632
3154 3544
3155 3544
3156 3545
3157 3545
3158 3579
3159 3606
3160 3607
3161 3705
3162 3707
3163 3625
3164 3625
3165 3422
3166 3420
3167 3515
3168 3531
3169 3527
3170 3516
3171 3412
3172 3420
3173 3419
3174 4255
3175 3694
3176 4255
3177 5450
3178 4590
3179 4573
3180 4575
3181 4457
3182 4601
3183 4402
3184 4404
3185 4413
3186 1542
3187 1534
3188 4412
3189 4392
3190 4409
3191 4470
3192 1547
3193 1592
3194 1435
3195 1589
3196 1526
3197 4388
3198 3702
3199 5222
3200 5601
3201 5647
3202 5648
3203 5303
3204 5641
3205 4965
3206 5540
3207 5514
3208 4815
3209 5075
3210 2239
3211 1961
3212 1304
3213 1127
3214 1188
3215 2588
3216 1285
3217 2629
3218 1193
3219 910
3220 2627
3221 1292
3222 1300
3223 2570
3224 1484
3225 1566
3226 2610
3227 1480
3228 1256
3229 2606
3230 2539
3231 2540
3232 1634
3233 2847
3234 1562
3235 2536
3236 1063
3237 1056
3238 1031
3239 1103
3240 971
3241 2897
3242 1058
3243 1060
3244 951
3245 890
3246 1231
3247 1224
3248 994
3249 1061
3250 1050
3251 1111
3252 1249
3253 1200
3254 1354
3255 1323
3256 1305
3257 1469
3258 2232
3259 4335
3260 4343
3261 5422
3262 5389
3263 4423
3264 5351
3265 5350
3266 4420
3267 5406
3268 4166
3269 4036
3270 4163
3271 5354
3272 4494
3273 5396
3274 5659
3275 4136
3276 4026
3277 4183
3278 4129
3279 4000
3280 3766
3281 3987
3282 3832
3283 5418
3284 5071
3285 2000
3286 2317
3287 198
3288 153
3289 131
3290 3085
3291 3071
3292 168
3293 184
3294 3076
3295 2976
3296 3039
3297 3056
3298 206
3299 2285
3300 5112
3301 3098
3302 71
3303 89
3304 90
3305 87
3306 82
3307 105
3308 101
3309 85
3310 154
3311 222
3312 223
3313 2262
3314 160
3315 2210
3316 1872
3317 74
3318 1846
3319 106
3320 121
3321 120
3322 2013
3323 1991
3324 1879
3325 2431
3326 1981
3327 2271
3328 2434
3329 1864
3330 2093
3331 2198
3332 2457
3333 1901
3334 2460
3335 1975
3336 2254
3337 2301
3338 4857
3339 4868
3340 5127
3341 4178
3342 1519
3343 1614
3344 1743
3345 1537
3346 1595
3347 1540
3348 2400
3349 2840
3350 2828
3351 2491
3352 2834
3353 2730
3354 2727
3355 2824
3356 2114
3357 821
3358 819
3359 820
3360 779
3361 2041
3362 2724
3363 828
3364 1524
3365 1716
3366 1713
3367 2634
3368 2638
3369 1380
3370 740
3371 833
3372 2789
3373 823
3374 556
3375 795
3376 530
3377 777
3378 749
3379 668
3380 671
3381 672
3382 681
3383 702
3384 671
3385 682
3386 687
3387 672
3388 671
3389 671
3390 671
3391 671
3392 670
3393 672
3394 669
3395 668
3396 668
3397 738
3398 721
3399 702
3400 738
3401 723
3402 777
3403 683
3404 725
3405 777
3406 769
3407 599
3408 644
3409 651
3410 803
3411 695
3412 716
3413 717
3414 697
3415 695
3416 656
3417 664
3418 696
3419 533
3420 676
3421 675
3422 645
3423 634
3424 634
3425 602
3426 601
3427 647
3428 603
3429 613
3430 802
3431 613
3432 600
3433 600
3434 562
3435 806
3436 592
3437 618
3438 616
3439 629
3440 643
3441 655
3442 658
3443 642
3444 629
3445 650
3446 621
3447 624
3448 610
3449 610
3450 578
3451 590
3452 841
3453 844
3454 563
3455 559
3456 840
3457 604
3458 590
3459 806
3460 569
3461 575
3462 571
3463 576
3464 606
3465 626
3466 531
3467 649
3468 532
3469 660
3470 785
3471 815
3472 2660
3473 2359
3474 2030
3475 2025
3476 1458
3477 1463
3478 1276
3479 1173
3480 1180
3481 1277
3482 1553
3483 1509
3484 1513
3485 1516
3486 2532
3487 1570
3488 2535
3489 1556
3490 2687
3491 2669
3492 2671
3493 1239
3494 2675
3495 1317
3496 1227
3497 1340
3498 1363
3499 1213
3500 2273
3501 2815
3502 2791
3503 2682
3504 2654
3505 799
3506 793
3507 1377
3508 793
3509 579
3510 792
3511 580
3512 625
3513 1384
3514 1384
3515 740
3516 740
3517 549
3518 2640
3519 751
3520 821
3521 752
3522 736
3523 830
3524 547
3525 538
3526 549
3527 1383
3528 1739
3529 1648
3530 1684
3531 1766
3532 1455
3533 1819
3534 1746
3535 1679
3536 2563
3537 1447
3538 1688
3539 1816
3540 1802
3541 1583
3542 1791
3543 1421
3544 1772
3545 1453
3546 1630
3547 1644
3548 827
3549 836
3550 1707
3551 5231
3552 5235
3553 3708
3554 2420
3555 2397
3556 2644
3557 4821
3558 5673
3559 3141
3560 3129
3561 237
3562 1841
3563 4698
3564 1839
3565 2862
3566 1849
3567 2865
3568 255
3569 416
3570 2760
3571 413
3572 265
3573 1912
3574 1914
3575 2448
3576 269
3577 2869
3578 2446
3579 2341
3580 1905
3581 2463
3582 4695
3583 3277
3584 3280
3585 3169
3586 3301
3587 4845
3588 4097
3589 3934
3590 3984
3591 3936
3592 3962
3593 3906
3594 3842
3595 5708
3596 3845
3597 3727
3598 3733
3599 3730
3600 3724
3601 5333
3602 4240
3603 4239
3604 3727
3605 3732
3606 5709
3607 3980
3608 3905
3609 3901
3610 5708
3611 3732
3612 3904
3613 3901
3614 3900
3615 4239
3616 4240
3617 4241
3618 3889
3619 3852
3620 4245
3621 3959
3622 4243
3623 3853
3624 3887
3625 3899
3626 3932
3627 3968
3628 4105
3629 3958
3630 3016
3631 5358
3632 2542
3633 1543
3634 1756
3635 4614
3636 4633
3637 4293
3638 4315
3639 4676
3640 4322
3641 4630
3642 4554
3643 4286
3644 4289
3645 4550
3646 4673
3647 4540
3648 4604
3649 4372
3650 5656
3651 5376
3652 4556
3653 4559
3654 4541
3655 4679
3656 1822
3657 1774
3658 1597
3659 1693
3660 1418
3661 1776
3662 1680
3663 1699
3664 1423
3665 4632
3666 4458
3667 4407
3668 4366
3669 4005
3670 4041
3671 4015
3672 3806
3673 3743
3674 4245
3675 5507
3676 3816
3677 4048
3678 5489
3679 3940
3680 3742
3681 3724
3682 5346
3683 5334
3684 3775
3685 3798
3686 4046
3687 4416
3688 5347
3689 4373
3690 4380
3691 4111
3692 4241
3693 4491
3694 375
3695 338
3696 2713
3697 2291
3698 2324
3699 2329
3700 1934
3701 2702
3702 2483
3703 1741
3704 1334
3705 1209
3706 1069
3707 1073
3708 1101
3709 983
3710 982
3711 980
3712 1001
3713 945
3714 943
3715 1143
3716 1140
3717 2618
3718 855
3719 926
3720 850
3721 948
3722 1143
3723 1151
3724 1178
3725 869
3726 1370
3727 1368
3728 1368
3729 859
3730 1367
3731 856
3732 850
3733 1372
3734 996
3735 1085
3736 2895
3737 936
3738 1016
3739 1002
3740 1014
3741 1367
3742 1366
3743 1106
3744 1366
3745 853
3746 2897
3747 1032
3748 1106
3749 1029
3750 1026
3751 1009
3752 1446
3753 1501
3754 1696
3755 2844
3756 1508
3757 1164
3758 953
3759 854
3760 853
3761 859
3762 2519
3763 2623
3764 1171
3765 856
3766 1650
3767 1654
3768 1843
3769 3107
3770 3057
3771 3059
3772 2983
3773 3001
3774 2987
3775 2998
3776 2996
3777 2997
3778 2990
3779 2994
3780 3003
3781 3013
3782 3086
3783 3004
3784 3000
3785 98
3786 95
3787 86
3788 92
3789 72
3790 78
3791 3667
3792 3419
3793 3443
3794 3448
3795 3445
3796 3474
3797 3520
3798 3475
3799 3519
3800 3548
3801 3593
3802 3573
3803 3575
3804 3594
3805 3590
3806 3611
3807 3596
3808 3592
3809 3569
3810 3589
3811 3556
3812 3529
3813 3674
3814 3536
3815 3518
3816 3507
3817 3476
3818 3450
3819 3478
3820 3477
3821 3444
3822 3459
3823 3462
3824 3492
3825 3499
3826 3499
3827 3447
3828 3498
3829 3596
3830 3541
3831 3545
3832 3541
3833 3497
3834 776
3835 748
3836 748
3837 747
3838 831
3839 767
3840 714
3841 674
3842 722
3843 550
3844 713
3845 715
3846 712
3847 715
3848 711
3849 710
3850 666
3851 744
3852 678
3853 661
3854 647
3855 646
3856 403
3857 407
3858 401
3859 470
3860 492
3861 3369
3862 509
3863 3346
3864 3293
3865 3264
3866 3286
3867 3225
3868 462
3869 470
3870 509
3871 471
3872 3369
3873 3346
3874 3293
3875 409
3876 405
3877 402
3878 468
3879 491
3880 3372
3881 3340
3882 497
3883 3294
3884 5622
3885 3284
3886 3261
3887 465
3888 497
3889 468
3890 3368
3891 3281
3892 3178
3893 3338
3894 377
3895 336
