0
1
2
3
4
5
6
7
8
9
10
11
12
13
14
15
16
17
18
19
20
21
22
23
24
25
26
27
28
29
30
31
32
33
34
35
36
37
38
39
84
116
171
383
384
385
387
388
389
390
391
392
393
394
395
396
397
398
399
406
407
408
409
579
580
581
582
583
584
585
586
587
600
601
1035
1036
1039
1057
1058
1059
1127
1128
1129
1617
1619
1620
1622
1623
1624
1625
1626
1627
1628
1629
1630
1631
1632
1633
1634
1635
1636
1637
1638
1639
1640
1641
1642
1643
1644
1645
1650
1658
1659
1660
1661
1662
1663
1664
1665
1666
1667
1668
1669
1670
1671
1672
1983
1984
1985
1986
1987
1988
1989
1990
1991
1992
1993
1994
1995
1996
1997
1998
1999
2000
2001
2002
2003
2004
2008
2010
2011
2013
2029
2030
2031
2032
2033
2420
2422
2423
2910
2912
2920
2921
3180
3181
3182
3183
3184
3185
3186
3187
3188
3189
3196
3197
3198
3199
3200
3201
3202
3203
3204
3205
3342
3343
3344
3345
3346
3347
3348
3349
3350
3351
3352
3356
3363
3364
3365
3366
3372
3552
3554
3555
3556
3865
3866
3867
3884
3885