221
222
224
464
465
466
467
468
826
827
828
829
830
831
832
833
834
835
836
837
838
839
840
841
842
843
844
846
847
848
849
850
851
852
853
854
855
856
886
887
888
889
890
891
892
898
899
900
901
902
903
904
905
906
907
908
909
910
911
912
914
915
916
917
919
920
921
922
924
925
926
927
930
931
933
935
936
1318
1319
1321
1760
1761
1762
1763
1764
1766
2492
2493
2494
2495
2496
2497
2498
2499
2500
2501
2502
2503
2504
2505
2506
2507
2508
2509
2510
2511
2512
2513
2514
2515
2516
2517
2518
2519
2520
2521
2522
2523
2528
2529
2534
2535
2536
2537
2538
2539
2540
2541
2542
2543
2544
2545
2546
2547
2548
2549
2550
2551
2552
2553
2554
2555
2557
2630
2631
2632
2633
2634
2635
2636
2637
2638
2639
2640
2641
2642
2643
2644
2645
2646
2647
2648
2649
2650
2651
2673
2674
2675
2676
2677
2678
2679
2680
2681
2682
2683
2684
2685
2686
2687
2688
2689
2690
2691
2692
2693
2698
2699
2701
2702
2703
2704
2705
2710
2711
2712
2713
2714
2715
2716
2717
2718
2719
2720
2721
2722
2723
2724
2725
2726
2727
2735
2737
2738
2739
2740
2741
2743
2744
2746
2747
2748
2758
2759
2760
2761
2762
2763
2764
3043
3240
3596
3597
3598
3599
3600
3601
3602
3603
3604
3605
3606
3607
3611
3614
3615
3616
3617
3618
3619
3620
3621
3622
3623
3624
3629
3671
3672
3673
3674
3675
3676
3677
3678
3679
3680
3681
3682
3683
3684
3692
3710
3711
3712
3713
3714
3715
3716
3718
3719
3720
3721
3722
3723
3725
3726
3727
3728
3729
3730
3731
3732
3733
3734
3740
3741
3742
3743
3744
3745
3746
3750
3759
3760
3761
3762
3765